#Number of Samples: 18
#Total Number of Reads: 55726611
#SRR492065	../bracken/SRR492065.report
#SRR492066	../bracken/SRR492066.report
#SRR492182	../bracken/SRR492182.report
#SRR492183	../bracken/SRR492183.report
#SRR492184	../bracken/SRR492184.report
#SRR492185	../bracken/SRR492185.report
#SRR492186	../bracken/SRR492186.report
#SRR492187	../bracken/SRR492187.report
#SRR492188	../bracken/SRR492188.report
#SRR492189	../bracken/SRR492189.report
#SRR492190	../bracken/SRR492190.report
#SRR492191	../bracken/SRR492191.report
#SRR492192	../bracken/SRR492192.report
#SRR492193	../bracken/SRR492193.report
#SRR492194	../bracken/SRR492194.report
#SRR492195	../bracken/SRR492195.report
#SRR492196	../bracken/SRR492196.report
#SRR492197	../bracken/SRR492197.report
SRR492065	SRR492066	SRR492182	SRR492183	SRR492184	SRR492185	SRR492186	SRR492187	SRR492188	SRR492189	SRR492190	SRR492191	SRR492192	SRR492193	SRR492194	SRR492195	SRR492196	SRR492197	lvl_type	taxid	name
2132367	522652	1626559	837092	8401140	3744665	2130989	7163954	5635460	1769069	537628	394074	3735850	1228361	1781265	801858	7451231	5832490	R	1	root
2132367	522652	1626559	837092	8401140	3744665	2130989	7162972	5635460	1769069	537628	394074	3735850	1228361	1781265	801858	7451231	5832490	R1	131567	  cellular organisms
2131995	522652	1626559	837092	8400468	3743856	2130383	7162137	5632151	1767683	517225	376111	3735177	1228096	1780725	801525	7450715	5832275	D	2	    Bacteria
2131315	522313	1626559	837092	8399928	3743548	2130077	7161533	5631757	1767454	517225	376111	3734887	1227924	1780725	801525	7450429	5831623	D1	1783272	      Terrabacteria group
2112550	520594	1607038	831113	8348202	3743548	2130077	7153252	5631757	1767454	517225	376111	3723700	1225704	1776721	800794	7450429	5525406	P	1239	        Firmicutes
2106039	518854	1607038	831113	8342432	3743548	2130077	7153252	5631757	1767454	517225	376111	3723700	1225704	1776721	800794	7450429	5499670	C	91061	          Bacilli
1764724	414619	1146139	555648	6404595	3343507	1863692	5605727	4893916	1476483	425154	300162	2792502	867739	1246439	526438	6237291	4603745	O	186826	            Lactobacillales
1760124	414288	1145637	555234	6389944	3340929	1861879	5589134	4890862	1475258	424932	300007	2791991	867457	1244705	526210	6234553	4571621	F	81852	              Enterococcaceae
1760124	414288	1145637	555234	6389944	3340929	1861879	5589134	4890862	1475258	424932	300007	2791991	867457	1244705	526210	6234553	4571621	G	1350	                Enterococcus
1760124	414288	1145637	555234	6389944	3340929	1861879	5589134	4890862	1475258	424932	300007	2791991	867457	1244705	526210	6234553	4571621	S	1351	                  Enterococcus faecalis
922	330	502	413	9647	2316	1635	13858	2666	1083	222	154	510	282	395	227	2418	5598	F	81850	              Leuconostocaceae
922	330	342	283	9647	1946	1342	11136	1994	830	222	154	510	282	395	227	2418	5598	G	1243	                Leuconostoc
922	330	342	283	9647	1946	1342	11136	1994	830	222	154	510	282	395	227	2418	5598	S	33964	                  Leuconostoc citreum
0	0	159	130	0	370	292	2722	671	253	0	0	0	0	0	0	0	0	G	46255	                Weissella
0	0	159	130	0	370	292	2722	671	253	0	0	0	0	0	0	0	0	S	1583	                  Weissella confusa
3677	0	0	0	5003	261	177	2734	387	141	0	0	0	0	1338	0	319	26526	F	1300	              Streptococcaceae
3677	0	0	0	2820	0	0	0	0	0	0	0	0	0	1338	0	0	24879	G	1301	                Streptococcus
3677	0	0	0	2820	0	0	0	0	0	0	0	0	0	515	0	0	8669	S	1308	                  Streptococcus thermophilus
0	0	0	0	0	0	0	0	0	0	0	0	0	0	822	0	0	10179	S	28037	                  Streptococcus mitis
0	0	0	0	0	0	0	0	0	0	0	0	0	0	0	0	0	6030	S	1314	                  Streptococcus pyogenes
0	0	0	0	2183	261	177	2734	387	141	0	0	0	0	0	0	319	1647	G	1357	                Lactococcus
0	0	0	0	1485	261	177	1936	234	141	0	0	0	0	0	0	319	678	S	1366	                  Lactococcus raffinolactis
0	0	0	0	697	0	0	797	153	0	0	0	0	0	0	0	0	968	S	1358	                  Lactococcus lactis
341315	104235	460899	275465	1937837	400040	266384	1547525	737841	290971	92070	75949	931198	357965	530281	274356	1213137	895924	O	1385	            Bacillales
341315	104235	460899	275465	1937837	400040	266384	1547525	737841	290971	92070	75949	931198	357965	530281	274356	1213137	895924	F	90964	              Staphylococcaceae
341315	104235	460899	275465	1937837	400040	266384	1547525	737841	290971	92070	75949	931198	357965	530281	274356	1213137	895924	G	1279	                Staphylococcus
123833	38085	447051	267366	642231	342755	228189	1381275	682968	269658	91076	75083	822748	317277	283247	146719	1060960	543034	S	1282	                  Staphylococcus epidermidis
194865	59078	422	158	1249844	759	500	3536	1156	357	179	143	2823	1018	236506	122242	2737	316332	S	1280	                  Staphylococcus aureus
16496	5372	12692	7549	44567	54283	36286	85657	53415	20955	815	721	68286	26832	9181	4761	147846	31165	S	1290	                  Staphylococcus hominis
6119	1698	733	391	363	2242	1408	75855	141	0	0	0	36161	12374	1346	632	542	5392	S	28035	                  Staphylococcus lugdunensis
0	0	0	0	335	0	0	962	159	0	0	0	1178	461	0	0	880	0	S	1283	                  Staphylococcus haemolyticus
0	0	0	0	496	0	0	239	0	0	0	0	0	0	0	0	0	0	S	1292	                  Staphylococcus warneri
0	0	0	0	0	0	0	0	0	0	0	0	0	0	0	0	171	0	S	29380	                  Staphylococcus caprae
5650	1621	0	0	5578	0	0	0	0	0	0	0	0	0	0	0	0	24385	C	1737404	          Tissierellia
5650	1621	0	0	5578	0	0	0	0	0	0	0	0	0	0	0	0	24385	O	1737405	            Tissierellales
5650	1621	0	0	5578	0	0	0	0	0	0	0	0	0	0	0	0	24385	F	1570339	              Peptoniphilaceae
4074	1192	0	0	4754	0	0	0	0	0	0	0	0	0	0	0	0	21027	G	150022	                Finegoldia
4074	1192	0	0	4754	0	0	0	0	0	0	0	0	0	0	0	0	21027	S	1260	                  Finegoldia magna
1575	429	0	0	823	0	0	0	0	0	0	0	0	0	0	0	0	3358	G	162289	                Peptoniphilus
1575	429	0	0	823	0	0	0	0	0	0	0	0	0	0	0	0	3358	S	54005	                  Peptoniphilus harei
860	118	0	0	191	0	0	0	0	0	0	0	0	0	0	0	0	1350	C	186801	          Clostridia
860	118	0	0	191	0	0	0	0	0	0	0	0	0	0	0	0	1350	O	186802	            Clostridiales
627	118	0	0	191	0	0	0	0	0	0	0	0	0	0	0	0	1019	O1	538999	              Clostridiales incertae sedis
627	118	0	0	191	0	0	0	0	0	0	0	0	0	0	0	0	1019	F	543314	                Clostridiales Family XIII. Incertae Sedis
627	118	0	0	191	0	0	0	0	0	0	0	0	0	0	0	0	1019	G	86331	                  Mogibacterium
627	118	0	0	191	0	0	0	0	0	0	0	0	0	0	0	0	1019	S	86332	                    Mogibacterium pumilum
232	0	0	0	0	0	0	0	0	0	0	0	0	0	0	0	0	331	F	2304686	              Hungateiclostridiaceae
232	0	0	0	0	0	0	0	0	0	0	0	0	0	0	0	0	331	G	236752	                Fastidiosipila
232	0	0	0	0	0	0	0	0	0	0	0	0	0	0	0	0	331	S	236753	                  Fastidiosipila sanguinis
18765	1719	19521	5978	51725	0	0	8280	0	0	0	0	11187	2219	4004	730	0	306216	P	201174	        Actinobacteria
18765	1719	19521	5978	51725	0	0	8280	0	0	0	0	11187	2219	4004	730	0	306216	C	1760	          Actinobacteria
18765	1719	19521	5978	50815	0	0	8280	0	0	0	0	11187	2219	4004	730	0	306216	O	85009	            Propionibacteriales
18765	1719	19521	5978	50815	0	0	8280	0	0	0	0	11187	2219	4004	730	0	306216	F	31957	              Propionibacteriaceae
18765	1719	19521	5978	50815	0	0	8280	0	0	0	0	11187	2219	4004	730	0	306032	G	1912216	                Cutibacterium
18598	1719	17885	5572	49576	0	0	7744	0	0	0	0	10221	2049	4004	730	0	305744	S	33010	                  Cutibacterium avidum
167	0	1636	406	1238	0	0	536	0	0	0	0	965	170	0	0	0	287	S	1747	                  Cutibacterium acnes
0	0	0	0	0	0	0	0	0	0	0	0	0	0	0	0	0	184	G	203133	                Propionimicrobium
0	0	0	0	0	0	0	0	0	0	0	0	0	0	0	0	0	184	G1	2633994	                  unclassified Propionimicrobium
0	0	0	0	0	0	0	0	0	0	0	0	0	0	0	0	0	184	S	1871034	                    Propionimicrobium sp. Marseille-P3275
0	0	0	0	910	0	0	0	0	0	0	0	0	0	0	0	0	0	O	85006	            Micrococcales
0	0	0	0	910	0	0	0	0	0	0	0	0	0	0	0	0	0	F	85020	              Dermabacteraceae
0	0	0	0	910	0	0	0	0	0	0	0	0	0	0	0	0	0	G	36739	                Dermabacter
0	0	0	0	910	0	0	0	0	0	0	0	0	0	0	0	0	0	S	1667168	                  Dermabacter jinjuensis
680	338	0	0	540	307	305	379	393	228	0	0	289	172	0	0	285	651	P	1224	      Proteobacteria
680	338	0	0	540	307	305	379	393	228	0	0	289	172	0	0	285	651	C	28216	        Betaproteobacteria
680	338	0	0	540	307	305	379	393	228	0	0	289	172	0	0	285	651	O	80840	          Burkholderiales
680	338	0	0	540	307	305	379	393	228	0	0	289	172	0	0	285	651	F	119060	            Burkholderiaceae
680	338	0	0	540	307	305	379	393	228	0	0	289	172	0	0	285	651	G	1822464	              Paraburkholderia
680	338	0	0	540	307	305	379	393	228	0	0	289	172	0	0	285	651	S	92647	                Paraburkholderia tropica
0	0	0	0	0	0	0	224	0	0	0	0	0	0	0	0	0	0	D1	1783270	      FCB group
0	0	0	0	0	0	0	224	0	0	0	0	0	0	0	0	0	0	D2	68336	        Bacteroidetes/Chlorobi group
0	0	0	0	0	0	0	224	0	0	0	0	0	0	0	0	0	0	P	976	          Bacteroidetes
0	0	0	0	0	0	0	224	0	0	0	0	0	0	0	0	0	0	C	117743	            Flavobacteriia
0	0	0	0	0	0	0	224	0	0	0	0	0	0	0	0	0	0	O	200644	              Flavobacteriales
0	0	0	0	0	0	0	224	0	0	0	0	0	0	0	0	0	0	F	2762318	                Weeksellaceae
0	0	0	0	0	0	0	224	0	0	0	0	0	0	0	0	0	0	G	59732	                  Chryseobacterium
0	0	0	0	0	0	0	224	0	0	0	0	0	0	0	0	0	0	G1	2593645	                    unclassified Chryseobacterium
0	0	0	0	0	0	0	224	0	0	0	0	0	0	0	0	0	0	S	2724619	                      Chryseobacterium sp. NEB161
371	0	0	0	671	809	605	834	3308	1385	20402	17962	672	264	539	332	515	214	D	2759	    Eukaryota
371	0	0	0	671	809	605	834	3308	1385	20402	17962	672	264	539	332	515	214	D1	33154	      Opisthokonta
371	0	0	0	671	809	605	834	3308	1385	20402	17962	672	264	539	332	515	214	K	33208	        Metazoa
371	0	0	0	671	809	605	834	3308	1385	20402	17962	672	264	539	332	515	214	K1	6072	          Eumetazoa
371	0	0	0	671	809	605	834	3308	1385	20402	17962	672	264	539	332	515	214	K2	33213	            Bilateria
371	0	0	0	671	809	605	834	3308	1385	20402	17962	672	264	539	332	515	214	K3	33511	              Deuterostomia
371	0	0	0	671	809	605	834	3308	1385	20402	17962	672	264	539	332	515	214	P	7711	                Chordata
371	0	0	0	671	809	605	834	3308	1385	20402	17962	672	264	539	332	515	214	P1	89593	                  Craniata
371	0	0	0	671	809	605	834	3308	1385	20402	17962	672	264	539	332	515	214	P2	7742	                    Vertebrata
371	0	0	0	671	809	605	834	3308	1385	20402	17962	672	264	539	332	515	214	P3	7776	                      Gnathostomata
371	0	0	0	671	809	605	834	3308	1385	20402	17962	672	264	539	332	515	214	P4	117570	                        Teleostomi
371	0	0	0	671	809	605	834	3308	1385	20402	17962	672	264	539	332	515	214	P5	117571	                          Euteleostomi
371	0	0	0	671	809	605	834	3308	1385	20402	17962	672	264	539	332	515	214	P6	8287	                            Sarcopterygii
371	0	0	0	671	809	605	834	3308	1385	20402	17962	672	264	539	332	515	214	P7	1338369	                              Dipnotetrapodomorpha
371	0	0	0	671	809	605	834	3308	1385	20402	17962	672	264	539	332	515	214	P8	32523	                                Tetrapoda
371	0	0	0	671	809	605	834	3308	1385	20402	17962	672	264	539	332	515	214	P9	32524	                                  Amniota
371	0	0	0	671	809	605	834	3308	1385	20402	17962	672	264	539	332	515	214	C	40674	                                    Mammalia
371	0	0	0	671	809	605	834	3308	1385	20402	17962	672	264	539	332	515	214	C1	32525	                                      Theria
371	0	0	0	671	809	605	834	3308	1385	20402	17962	672	264	539	332	515	214	C2	9347	                                        Eutheria
371	0	0	0	671	809	605	834	3308	1385	20402	17962	672	264	539	332	515	214	C3	1437010	                                          Boreoeutheria
371	0	0	0	671	809	605	834	3308	1385	20402	17962	672	264	539	332	515	214	C4	314146	                                            Euarchontoglires
371	0	0	0	671	809	605	834	3308	1385	20402	17962	672	264	539	332	515	214	O	9443	                                              Primates
371	0	0	0	671	809	605	834	3308	1385	20402	17962	672	264	539	332	515	214	O1	376913	                                                Haplorrhini
371	0	0	0	671	809	605	834	3308	1385	20402	17962	672	264	539	332	515	214	O2	314293	                                                  Simiiformes
371	0	0	0	671	809	605	834	3308	1385	20402	17962	672	264	539	332	515	214	O3	9526	                                                    Catarrhini
371	0	0	0	671	809	605	834	3308	1385	20402	17962	672	264	539	332	515	214	O4	314295	                                                      Hominoidea
371	0	0	0	671	809	605	834	3308	1385	20402	17962	672	264	539	332	515	214	F	9604	                                                        Hominidae
371	0	0	0	671	809	605	834	3308	1385	20402	17962	672	264	539	332	515	214	F1	207598	                                                          Homininae
371	0	0	0	671	809	605	834	3308	1385	20402	17962	672	264	539	332	515	214	G	9605	                                                            Homo
371	0	0	0	671	809	605	834	3308	1385	20402	17962	672	264	539	332	515	214	S	9606	                                                              Homo sapiens
0	0	0	0	0	0	0	981	0	0	0	0	0	0	0	0	0	0	D	10239	  Viruses
0	0	0	0	0	0	0	981	0	0	0	0	0	0	0	0	0	0	D1	2731341	    Duplodnaviria
0	0	0	0	0	0	0	981	0	0	0	0	0	0	0	0	0	0	D2	2731360	      Heunggongvirae
0	0	0	0	0	0	0	981	0	0	0	0	0	0	0	0	0	0	P	2731618	        Uroviricota
0	0	0	0	0	0	0	981	0	0	0	0	0	0	0	0	0	0	C	2731619	          Caudoviricetes
0	0	0	0	0	0	0	981	0	0	0	0	0	0	0	0	0	0	O	28883	            Caudovirales
0	0	0	0	0	0	0	981	0	0	0	0	0	0	0	0	0	0	F	10699	              Siphoviridae
0	0	0	0	0	0	0	981	0	0	0	0	0	0	0	0	0	0	G	1623298	                Phietavirus
0	0	0	0	0	0	0	981	0	0	0	0	0	0	0	0	0	0	S	1197952	                  Staphylococcus virus IPLA5
